00000044
00000000
80000640
00000010
00000000
00000000
00000000
00000000
00000000
00000000
ff5500ff
ffff7654
ffff89ab
ffff9392
ffffffff
ffffffff
05_08_0d_09
0a_06_04_07
00_01_00_02
0c_0b_01_00
00_00_00_00
02_07_08_0d
09_05_0a_06
00_01_00_04
0c_0b_01_00
00_00_00_00
09_0a_05_0d
06_04_07_08
00_01_00_02
0c_0b_01_00
00_00_00_00
05_03_08_04
09_06_07_0a
00_01_00_02
0c_0b_01_00
00_00_00_00
00000000
00000000
00000000
00000000
00000000
00000000
00000000
00000000
00000000
00000000
00000000
00000000
00000000
00000000
00000000
00000000
00000000
00000000
00000000
00000000
00000000
00000000
00000000
00000000
00000000
00000000
00000000
00000000
00000c70
00000004
00000018
00000000
00000000
00000000
00000000
00000000
00000000
061c0b06
28200004
00040088
82000000
00800605
00270b06
00000000
034a0200
7d3e7a7a
034a0200
7d3e7a7a
034a0200
7d3e7a7a
034a0200
7d3e7a7a
034a0200
7d3e7a7a
034a0200
7d3e7a7a
034a0200
7d3e7a7a
034a0200
7d3e7a7a
034a0200
7d3e7a7a
00000000
00000000
00000000
00000000
00000000
00000000
00000000
00000000
00000000
00000000
00000000
00000000
00000000
00000000
00000000
00000000
00000000
00000000
00000000
00000000
00000000
00000000
00000000
00000000
00000000
00000000
00000000
00000000
00000000
00000000
00000000
00000000
00000000
00000000
00000000
00000000
00000000
00000000
00000000
00000000
00000000
00000000
00000000
00000000
00000000
00000000
00000000
00000000
00000000
00000000
00000000
00000000
00000000
00000000
00000000
00000000
00000000
00000000
00000000
00000000
00000000
00000000
00000000
00000000
00000000
00000000
00000000
00000000
00000000
00000000
00000000
00000000
00000000
00000000
00000000
00000000
00000000
00000000
00000000
00000000
00000000
00000000
00000000
00000000
00000000
00000000
00000000
00000000
00000000
00000000
00000000
00000000
00000000
00000000
00000000
00000000
00000000
00000000
00000000
00000000
00000000
00000000
00000000
00000000
00000000
00000000
00000000
00000000
00000000
00000000
00000000
00000000
00000000
00000000
00000000
00000000
00000000
00000000
00000000
00000000
00000000
00000000
00000000
00000000
00000000
00000000
00000000
00000000
00000000
00000000
00000000
00000000
00000000
00000000
00000000
00000000
00000000
00000000
00000000
00000000
00000000
00000000
00000000
00000000
00000000
00000000
00000000
00000000
00000000
00000000
00000000
00000000
00000000
00000000
00000000
00000000
00000000
00000000
